run,period,agent_count,landscape_size,agent_id,sheep_count_if_seen,best_sheep_count_if_seen,payoff,avg_period_felicity,avg_social_welfare
0,50000,4,1,0,2,2,0.19999999999999996,13.903125,693237.9037497444
0,50000,4,1,1,2,2,0.19999999999999996,13.903125,693237.9037497444
0,50000,4,1,2,2,2,0.19999999999999996,13.903125,693237.9037497444
0,50000,4,1,3,2,2,0.19999999999999996,13.903125,693237.9037497444
1,50000,4,1,0,2,2,0.19999999999999996,13.903125,693282.0606247444
1,50000,4,1,1,2,2,0.19999999999999996,13.903125,693282.0606247444
1,50000,4,1,2,2,2,0.19999999999999996,13.903125,693282.0606247444
1,50000,4,1,3,2,2,0.19999999999999996,13.903125,693282.0606247444
2,50000,4,1,0,2,2,0.19999999999999996,13.903125,693259.2281247445
2,50000,4,1,1,2,2,0.19999999999999996,13.903125,693259.2281247445
2,50000,4,1,2,2,2,0.19999999999999996,13.903125,693259.2281247445
2,50000,4,1,3,2,2,0.19999999999999996,13.903125,693259.2281247445
3,50000,4,1,0,2,2,0.19999999999999996,13.903125,693239.7281247446
3,50000,4,1,1,2,2,0.19999999999999996,13.903125,693239.7281247446
3,50000,4,1,2,2,2,0.19999999999999996,13.903125,693239.7281247446
3,50000,4,1,3,2,2,0.19999999999999996,13.903125,693239.7281247446
4,50000,4,1,0,2,2,0.19999999999999996,13.903125,693281.2512497446
4,50000,4,1,1,2,2,0.19999999999999996,13.903125,693281.2512497446
4,50000,4,1,2,2,2,0.19999999999999996,13.903125,693281.2512497446
4,50000,4,1,3,2,2,0.19999999999999996,13.903125,693281.2512497446
5,50000,4,1,0,2,2,0.19999999999999996,13.903125,693262.0937497442
5,50000,4,1,1,2,2,0.19999999999999996,13.903125,693262.0937497442
5,50000,4,1,2,2,2,0.19999999999999996,13.903125,693262.0937497442
5,50000,4,1,3,2,2,0.19999999999999996,13.903125,693262.0937497442
6,50000,4,1,0,2,2,0.19999999999999996,13.903125,693253.7793747444
6,50000,4,1,1,2,2,0.19999999999999996,13.903125,693253.7793747444
6,50000,4,1,2,2,2,0.19999999999999996,13.903125,693253.7793747444
6,50000,4,1,3,2,2,0.19999999999999996,13.903125,693253.7793747444
7,50000,4,1,0,2,2,0.19999999999999996,13.903125,693285.2312497445
7,50000,4,1,1,2,2,0.19999999999999996,13.903125,693285.2312497445
7,50000,4,1,2,2,2,0.19999999999999996,13.903125,693285.2312497445
7,50000,4,1,3,2,2,0.19999999999999996,13.903125,693285.2312497445
8,50000,4,1,0,2,2,0.19999999999999996,13.903125,693221.0018747445
8,50000,4,1,1,2,2,0.19999999999999996,13.903125,693221.0018747445
8,50000,4,1,2,2,2,0.19999999999999996,13.903125,693221.0018747445
8,50000,4,1,3,2,2,0.19999999999999996,13.903125,693221.0018747445
9,50000,4,1,0,2,2,0.19999999999999996,13.903125,693238.9774997446
9,50000,4,1,1,2,2,0.19999999999999996,13.903125,693238.9774997446
9,50000,4,1,2,2,2,0.19999999999999996,13.903125,693238.9774997446
9,50000,4,1,3,2,2,0.19999999999999996,13.903125,693238.9774997446
10,50000,4,1,0,2,2,0.19999999999999996,13.903125,693334.8318747443
10,50000,4,1,1,2,2,0.19999999999999996,13.903125,693334.8318747443
10,50000,4,1,2,2,2,0.19999999999999996,13.903125,693334.8318747443
10,50000,4,1,3,2,2,0.19999999999999996,13.903125,693334.8318747443
11,50000,4,1,0,2,2,0.19999999999999996,13.903125,693207.0212497448
11,50000,4,1,1,2,2,0.19999999999999996,13.903125,693207.0212497448
11,50000,4,1,2,2,2,0.19999999999999996,13.903125,693207.0212497448
11,50000,4,1,3,2,2,0.19999999999999996,13.903125,693207.0212497448
12,50000,4,1,0,2,2,0.19999999999999996,13.903125,693214.9206247443
12,50000,4,1,1,2,2,0.19999999999999996,13.903125,693214.9206247443
12,50000,4,1,2,2,2,0.19999999999999996,13.903125,693214.9206247443
12,50000,4,1,3,2,2,0.19999999999999996,13.903125,693214.9206247443
13,50000,4,1,0,2,2,0.19999999999999996,13.903125,693217.4693747447
13,50000,4,1,1,2,2,0.19999999999999996,13.903125,693217.4693747447
13,50000,4,1,2,2,2,0.19999999999999996,13.903125,693217.4693747447
13,50000,4,1,3,2,2,0.19999999999999996,13.903125,693217.4693747447
14,50000,4,1,0,2,2,0.19999999999999996,13.903125,693223.5181247445
14,50000,4,1,1,2,2,0.19999999999999996,13.903125,693223.5181247445
14,50000,4,1,2,2,2,0.19999999999999996,13.903125,693223.5181247445
14,50000,4,1,3,2,2,0.19999999999999996,13.903125,693223.5181247445
15,50000,4,1,0,2,2,0.19999999999999996,13.903125,693245.7137497443
15,50000,4,1,1,2,2,0.19999999999999996,13.903125,693245.7137497443
15,50000,4,1,2,2,2,0.19999999999999996,13.903125,693245.7137497443
15,50000,4,1,3,2,2,0.19999999999999996,13.903125,693245.7137497443
16,50000,4,1,0,2,2,0.19999999999999996,13.903125,693229.2706247447
16,50000,4,1,1,2,2,0.19999999999999996,13.903125,693229.2706247447
16,50000,4,1,2,2,2,0.19999999999999996,13.903125,693229.2706247447
16,50000,4,1,3,2,2,0.19999999999999996,13.903125,693229.2706247447
17,50000,4,1,0,2,2,0.19999999999999996,13.903125,693189.6431247449
17,50000,4,1,1,2,2,0.19999999999999996,13.903125,693189.6431247449
17,50000,4,1,2,2,2,0.19999999999999996,13.903125,693189.6431247449
17,50000,4,1,3,2,2,0.19999999999999996,13.903125,693189.6431247449
18,50000,4,1,0,2,2,0.19999999999999996,13.903125,693280.0762497446
18,50000,4,1,1,2,2,0.19999999999999996,13.903125,693280.0762497446
18,50000,4,1,2,2,2,0.19999999999999996,13.903125,693280.0762497446
18,50000,4,1,3,2,2,0.19999999999999996,13.903125,693280.0762497446
19,50000,4,1,0,2,2,0.19999999999999996,13.903125,693206.1549997447
19,50000,4,1,1,2,2,0.19999999999999996,13.903125,693206.1549997447
19,50000,4,1,2,2,2,0.19999999999999996,13.903125,693206.1549997447
19,50000,4,1,3,2,2,0.19999999999999996,13.903125,693206.1549997447
20,50000,4,1,0,2,2,0.19999999999999996,13.903125,693207.8299997447
20,50000,4,1,1,2,2,0.19999999999999996,13.903125,693207.8299997447
20,50000,4,1,2,2,2,0.19999999999999996,13.903125,693207.8299997447
20,50000,4,1,3,2,2,0.19999999999999996,13.903125,693207.8299997447
21,50000,4,1,0,2,2,0.19999999999999996,13.903125,693171.4687497448
21,50000,4,1,1,2,2,0.19999999999999996,13.903125,693171.4687497448
21,50000,4,1,2,2,2,0.19999999999999996,13.903125,693171.4687497448
21,50000,4,1,3,2,2,0.19999999999999996,13.903125,693171.4687497448
22,50000,4,1,0,2,2,0.19999999999999996,13.903125,693195.5781247448
22,50000,4,1,1,2,2,0.19999999999999996,13.903125,693195.5781247448
22,50000,4,1,2,2,2,0.19999999999999996,13.903125,693195.5781247448
22,50000,4,1,3,2,2,0.19999999999999996,13.903125,693195.5781247448
23,50000,4,1,0,2,2,0.19999999999999996,13.903125,693202.9681247447
23,50000,4,1,1,2,2,0.19999999999999996,13.903125,693202.9681247447
23,50000,4,1,2,2,2,0.19999999999999996,13.903125,693202.9681247447
23,50000,4,1,3,2,2,0.19999999999999996,13.903125,693202.9681247447
24,50000,4,1,0,2,2,0.19999999999999996,13.903125,693234.7999997446
24,50000,4,1,1,2,2,0.19999999999999996,13.903125,693234.7999997446
24,50000,4,1,2,2,2,0.19999999999999996,13.903125,693234.7999997446
24,50000,4,1,3,2,2,0.19999999999999996,13.903125,693234.7999997446
